Author: Jose Gaytan
Title: Have fun LOSER!!!
Success message: Ha! You only think you won!!!
Death message: Ha! You're a Loser, come again if you DARE!!!
Copter start: 10
Step delay: 175
Gravity: 5
0 0
0 0
0 0
0 0
0 0
0 0
0 0
0 0
0 0
0 0
0 0
0 0
0 0
0 0
0 0
0 0
0 0
0 0
10 10
10 10
12 12
12 12
14 14
16 16
18 18
20 20
0 0
20 40
25 40
30 40
0 0
40 20
40 25
40 30
10 15
10 20
10 25
0 30
shield: 50 16
25 0
10 15
11 11
0 0
28 38
35 40
40 10
0 0
0 0
0 0
60 0
55 0
50 0
45 0
0 0
0 0
0 0
0 45
0 50
0 55
0 60
13 13
15 15
17 17
20 20
20 20
0 0
30 30
35 30
30 35
25 35
20 40
25 35
shield: 50 36
0 0
0 0
25 10
25 15
35 0
40 15
40 35
0 0
0 0
0 0
15 15
20 20
30 30
shield: 50 42
0 0
0 0
3 3
10 10
9 9
10 10
12 12
10 10
15 15
10 10
shield: 40 50
18 18
10 10
21 21
10 10
24 24
10 10
27 27
30 30
33 33
33 33
30 30
25 25
25 25
0 0
0 0
shield: 50 5
30 10
40 10
50 10
50 10
40 10
30 30
30 30
20 20
20 20
10 10
50 10
55 10
60 10
65 7
0 0
0 0
0 0
1 1
2 2
3 3
4 4
7 7
10 10
15 15
20 20
0 0
0 0
30 30
27 27
25 25
23 23
21 21
20 20
17 17
15 15
13 13
11 11
25 35
7 7
35 29
21 11
23 33
25 15
27 37
30 20
31 31
35 25
37 27
40 30
0 0
0 0
30 40
35 35
35 17
0 0
3 35
30 30
35 35
35 39
0 0
0 0
40 49
37 37
35 35
10 10
33 33
10 10
35 35
37 37
40 40
45 45
46 46
45 45
46 46
45 45
0 0
45 47
0 0
0 0
0 0
0 0
0 0
0 0
0 0
0 0
0 0
0 0
0 0
0 0
0 0
